,negfood_score,negservice_score,posfood_score,posservice_score,restaurant
0,0.039682539682539,0.063492063492063,0.539682539682539,0.35714285714285704,Mominette
1,0.079365079365079,0.07142857142857101,0.595238095238095,0.253968253968253,Peaches HotHouse
2,0.048780487804878,0.08130081300813001,0.504065040650406,0.365853658536585,Baron's
3,0.049586776859504,0.024793388429752,0.7107438016528921,0.21487603305785102,Lowerline
4,0.032520325203252,0.056910569105691006,0.47154471544715404,0.43902439024390205,Claw Daddy's
5,0.06299212598425101,0.09448818897637701,0.433070866141732,0.409448818897637,Father Knows Best
6,0.046511627906976,0.062015503875968006,0.682170542635658,0.20930232558139503,Red Hook Lobster Pound
7,0.055555555555555004,0.11904761904761901,0.5,0.325396825396825,Uglyduckling
8,0.024793388429752,0.0,0.776859504132231,0.198347107438016,Otis
9,0.0390625,0.0390625,0.4375,0.484375,Sweet Brooklyn Bar And Grill
10,0.024,0.048,0.792,0.136,5ive Spice
11,0.032520325203252,0.056910569105691006,0.6178861788617881,0.292682926829268,Juanchi's Burger
12,0.024390243902439,0.056910569105691006,0.707317073170731,0.21138211382113803,L'Antagoniste
13,0.024193548387096003,0.008064516129032001,0.733870967741935,0.23387096774193503,The Food Sermon Kitchen
14,0.04918032786885201,0.057377049180327,0.475409836065573,0.41803278688524503,Fancy Nancy
15,0.046511627906976,0.03875968992248,0.744186046511627,0.170542635658914,Hometown Bar-B-Que
16,0.024793388429752,0.008264462809917,0.5619834710743801,0.40495867768595,Laojie Hotpot
17,0.047244094488188004,0.141732283464566,0.44881889763779503,0.362204724409448,Milk & Honey Cafe
18,0.039215686274509005,0.10784313725490101,0.539215686274509,0.31372549019607804,Biyou
19,0.032258064516129004,0.08870967741935401,0.5564516129032251,0.32258064516129004,Sweet Chick
20,0.022900763358778,0.083969465648854,0.625954198473282,0.267175572519083,Bonafini
21,0.047619047619047006,0.063492063492063,0.603174603174603,0.28571428571428503,Mayfield
22,0.032258064516129004,0.040322580645161005,0.75,0.17741935483870902,Emily
23,0.07377049180327801,0.024590163934426004,0.7622950819672131,0.139344262295081,Nana Ramen
24,0.07258064516129001,0.024193548387096003,0.661290322580645,0.24193548387096703,Buttermilk Channel
25,0.073170731707317,0.065040650406504,0.674796747967479,0.186991869918699,Pies-n-Thighs
26,0.06153846153846101,0.007692307692307001,0.753846153846153,0.17692307692307602,Hunger Pang
27,0.025210084033613002,0.033613445378151,0.504201680672268,0.43697478991596606,Salem's Hour
28,0.06451612903225801,0.12096774193548301,0.540322580645161,0.27419354838709603,Hard Times Christmas Liquors at the Sunset bar
29,0.032258064516129004,0.053763440860215006,0.6344086021505371,0.27956989247311803,Golda
30,0.015037593984962001,0.06766917293233,0.42857142857142805,0.48872180451127806,Soco
31,0.015873015873015,0.055555555555555004,0.6666666666666661,0.26190476190476103,Sweet Chick
32,0.082644628099173,0.033057851239669,0.752066115702479,0.13223140495867702,Bunsmith
33,0.040322580645161005,0.07258064516129001,0.57258064516129,0.314516129032258,The Crabby Shack
34,0.033333333333333,0.058333333333333,0.7583333333333331,0.15,Win Son
35,0.032786885245901,0.024590163934426004,0.663934426229508,0.278688524590163,Juliana's Pizza
36,0.040650406504065005,0.040650406504065005,0.593495934959349,0.32520325203252004,Sunday in Brooklyn
37,0.038461538461538006,0.12307692307692301,0.5923076923076921,0.24615384615384603,Peaches
38,0.08870967741935401,0.05645161290322501,0.5,0.35483870967741904,Moloko
39,0.040983606557377004,0.032786885245901,0.60655737704918,0.319672131147541,Silver Factory
40,0.069767441860465,0.10077519379844901,0.682170542635658,0.147286821705426,Taci's Beyti
41,0.1328125,0.0625,0.6484375,0.15625,El Jeffe
42,0.08064516129032201,0.024193548387096003,0.7741935483870961,0.12096774193548301,Salt + Charcoal
43,0.07563025210084001,0.058823529411764004,0.5714285714285711,0.29411764705882304,Habana Outpost
44,0.0625,0.0625,0.4765625,0.3984375,MangoSeed Restaurant
45,0.08064516129032201,0.048387096774193006,0.693548387096774,0.17741935483870902,Olea
46,0.025210084033613002,0.10924369747899101,0.647058823529411,0.21848739495798303,Calaca
47,0.016,0.096,0.68,0.20800000000000002,Catfish
48,0.040322580645161005,0.040322580645161005,0.596774193548387,0.32258064516129004,Sea Wolf
49,0.047244094488188004,0.06299212598425101,0.6929133858267711,0.19685039370078702,Black Nile
50,0.033057851239669,0.024793388429752,0.7438016528925621,0.198347107438016,Mariella
51,0.038095238095238,0.09523809523809501,0.37142857142857105,0.49523809523809503,LunÀtico
52,0.031578947368421005,0.073684210526315,0.6631578947368421,0.23157894736842102,Bed Stuy Provisions
53,0.047619047619047006,0.063492063492063,0.634920634920634,0.253968253968253,Bogota Latin Bistro
54,0.016666666666666,0.108333333333333,0.525,0.35000000000000003,Cheryl's Global Soul
55,0.072727272727272,0.009090909090909,0.7090909090909091,0.20909090909090902,Lillo Cucina Italiana
56,0.016129032258064002,0.07258064516129001,0.6774193548387091,0.23387096774193503,Miss Ada
57,0.058333333333333,0.075,0.708333333333333,0.15833333333333302,The Brooklyn Tree
58,0.16,0.04,0.656,0.14400000000000002,Little Mo
59,0.07377049180327801,0.024590163934426004,0.663934426229508,0.237704918032786,Mable's Smokehouse & Banquet Hall
60,0.040650406504065005,0.048780487804878,0.764227642276422,0.146341463414634,Peter Luger
61,0.074380165289256,0.074380165289256,0.43801652892561904,0.41322314049586706,The Farm On Adderley
62,0.070866141732283,0.078740157480314,0.629921259842519,0.22047244094488103,Glady's
63,0.0625,0.0625,0.5859375,0.2890625,The Islands
64,0.057377049180327,0.09016393442622901,0.524590163934426,0.32786885245901604,Eugene & Co
65,0.024590163934426004,0.114754098360655,0.40983606557377006,0.45081967213114704,Bijan's
66,0.031746031746031,0.063492063492063,0.555555555555555,0.349206349206349,Cafe Rue Dix
67,0.016949152542372,0.016949152542372,0.7288135593220331,0.23728813559322,Chavela's
68,0.032520325203252,0.008130081300813,0.6829268292682921,0.276422764227642,191 Knickerbocker
69,0.134920634920634,0.103174603174603,0.6666666666666661,0.09523809523809501,Yaso Tangbao
70,0.016129032258064002,0.048387096774193006,0.7177419354838711,0.21774193548387002,Cafe Mogador
71,0.031496062992125005,0.031496062992125005,0.653543307086614,0.283464566929133,Chela Modern Mexican
72,0.107692307692307,0.053846153846153,0.761538461538461,0.07692307692307601,Chuko
73,0.066176470588235,0.227941176470588,0.28676470588235203,0.41911764705882304,Suede
74,0.082644628099173,0.041322314049586,0.6859504132231401,0.190082644628099,Camillo
75,0.040983606557377004,0.114754098360655,0.639344262295082,0.20491803278688503,Peaches Shrimp and Crab
76,0.040322580645161005,0.040322580645161005,0.701612903225806,0.21774193548387002,Puerto Viejo
77,0.025,0.033333333333333,0.7333333333333331,0.208333333333333,Taste of Heaven
78,0.023622047244094002,0.023622047244094002,0.58267716535433,0.37007874015748005,Scottadito Osteria Toscana
79,0.038167938931297,0.015267175572519002,0.755725190839694,0.190839694656488,DeStefano's Steakhouse
80,0.09166666666666601,0.033333333333333,0.775,0.1,Taqueria Milear
81,0.033057851239669,0.049586776859504,0.462809917355371,0.45454545454545403,Greedi Vegan
82,0.097560975609756,0.10569105691056901,0.49593495934959303,0.30081300813008105,Lincoln Station
83,0.016393442622950002,0.016393442622950002,0.770491803278688,0.19672131147540903,Nicandra's
84,0.042372881355932,0.042372881355932,0.703389830508474,0.211864406779661,Okonomi
85,0.081481481481481,0.096296296296296,0.518518518518518,0.30370370370370303,Miriam
86,0.063636363636363,0.027272727272727,0.663636363636363,0.245454545454545,Dar 525
87,0.022727272727272003,0.030303030303030002,0.8106060606060601,0.13636363636363602,El Mate
88,0.032520325203252,0.0,0.918699186991869,0.048780487804878,Baba's Pierogies
89,0.04918032786885201,0.032786885245901,0.6803278688524591,0.237704918032786,Colina Cuervo
90,0.024590163934426004,0.040983606557377004,0.745901639344262,0.18852459016393402,Olmsted
91,0.031496062992125005,0.023622047244094002,0.677165354330708,0.26771653543307,Modern Love Brooklyn
92,0.024,0.088,0.47200000000000003,0.41600000000000004,Clover Club
93,0.024590163934426004,0.032786885245901,0.598360655737704,0.34426229508196704,Pig Beach
94,0.016393442622950002,0.057377049180327,0.5,0.426229508196721,Salud Bar & Grill
95,0.078125,0.0546875,0.6171875,0.25,Barboncino Pizza & Bar
96,0.008,0.112,0.608,0.272,983-Bushwick's Living Room
97,0.048780487804878,0.040650406504065005,0.7560975609756091,0.15447154471544702,Amaranto Mexican Restaurant
98,0.128,0.032,0.68,0.16,Suzy's Roti Parlour
99,0.031746031746031,0.063492063492063,0.6746031746031741,0.23015873015873,Surfish Bistro
100,0.08943089430894301,0.08130081300813001,0.593495934959349,0.23577235772357702,The Market
101,0.048387096774193006,0.07258064516129001,0.7177419354838711,0.16129032258064502,Samurai Papa
102,0.131147540983606,0.09016393442622901,0.5409836065573771,0.237704918032786,Samurai Papa BS
103,0.025,0.05,0.708333333333333,0.216666666666666,Evelina
104,0.079365079365079,0.047619047619047006,0.785714285714285,0.087301587301587,Peri Peri Grill House
105,0.070866141732283,0.023622047244094002,0.7401574803149601,0.165354330708661,Thai Holic
106,0.040983606557377004,0.07377049180327801,0.6475409836065571,0.237704918032786,Seed
107,0.027777777777777003,0.009259259259259,0.74074074074074,0.22222222222222202,Forma Pasta Factory
108,0.039682539682539,0.21428571428571402,0.42063492063492003,0.325396825396825,Shaking Crab- Brooklyn
109,0.07142857142857101,0.079365079365079,0.698412698412698,0.15079365079365,Klom Klorm
110,0.07377049180327801,0.057377049180327,0.704918032786885,0.16393442622950802,Cafe Tibet
111,0.048387096774193006,0.032258064516129004,0.637096774193548,0.282258064516129,Dekalb Market Hall
112,0.040650406504065005,0.10569105691056901,0.536585365853658,0.31707317073170704,Tom's
113,0.048,0.088,0.488,0.376,Mekelburg's
114,0.08064516129032201,0.06451612903225801,0.6209677419354831,0.23387096774193503,Izzy's Brooklyn Smokehouse
115,0.10743801652892501,0.0,0.776859504132231,0.11570247933884201,Buntopia
116,0.033333333333333,0.075,0.5666666666666661,0.325,Rabbithole Restaurant
117,0.08130081300813001,0.048780487804878,0.747967479674796,0.12195121951219501,Suzume
118,0.0390625,0.109375,0.5625,0.2890625,Sunshine
119,0.048387096774193006,0.13709677419354802,0.508064516129032,0.30645161290322503,Saraghina
120,0.102564102564102,0.188034188034188,0.35897435897435903,0.35042735042735,Sunrise/Sunset
121,0.057851239669421003,0.10743801652892501,0.5537190082644621,0.28099173553719003,Pilar Cuban Eatery
122,0.072727272727272,0.027272727272727,0.69090909090909,0.20909090909090902,Kafe Louverture
123,0.047244094488188004,0.05511811023622001,0.5748031496062991,0.32283464566929104,Beco
124,0.11450381679389302,0.206106870229007,0.419847328244274,0.259541984732824,Di Fara Pizza
125,0.032520325203252,0.073170731707317,0.5284552845528451,0.365853658536585,Grandchamps Kitchen & Market
126,0.088,0.07200000000000001,0.664,0.176,Dinosaur Bar-B-Que
127,0.021739130434782,0.021739130434782,0.58695652173913,0.36956521739130405,Tambour
128,0.008403361344537001,0.033613445378151,0.41176470588235203,0.546218487394957,Bunna Cafe
129,0.09016393442622901,0.04918032786885201,0.745901639344262,0.114754098360655,French Louie
130,0.035714285714285005,0.026785714285714003,0.6339285714285711,0.30357142857142805,Yia Yia's Taverna
131,0.08080808080808001,0.010101010101010001,0.7474747474747471,0.16161616161616102,High Lúa Vietnamese Kitchen
132,0.015625,0.03125,0.6875,0.265625,Traif
133,0.10483870967741901,0.07258064516129001,0.701612903225806,0.12096774193548301,Purbird
134,0.040322580645161005,0.12096774193548301,0.5,0.33870967741935404,Aita
135,0.041666666666666005,0.016666666666666,0.675,0.266666666666666,Yemen Cafe & Restaurant
136,0.024590163934426004,0.024590163934426004,0.696721311475409,0.25409836065573704,My Cuban Spot
137,0.04,0.07,0.65,0.24,Nostrand Cafe
138,0.023809523809523003,0.11111111111111101,0.658730158730158,0.206349206349206,Sofreh
139,0.0,0.09677419354838701,0.32258064516129004,0.5806451612903221,Maison Premiere
140,0.082644628099173,0.049586776859504,0.661157024793388,0.20661157024793303,Defontes
141,0.033333333333333,0.055555555555555004,0.677777777777777,0.23333333333333303,Haenyeo
142,0.047244094488188004,0.08661417322834601,0.708661417322834,0.157480314960629,Roll-N-Roaster
143,0.041322314049586,0.008264462809917,0.603305785123966,0.34710743801652805,Tabaré
144,0.13709677419354802,0.08870967741935401,0.604838709677419,0.16935483870967702,Bunker
145,0.041322314049586,0.11570247933884201,0.49586776859504106,0.34710743801652805,Atrium Dumbo
146,0.05511811023622001,0.05511811023622001,0.795275590551181,0.09448818897637701,David's Brisket House and Deli
147,0.036363636363636,0.09090909090909001,0.563636363636363,0.309090909090909,750 Myrtle Diner
148,0.041666666666666005,0.075,0.36666666666666603,0.516666666666666,Rustik Tavern
149,0.056910569105691006,0.073170731707317,0.6341463414634141,0.23577235772357702,Ugly Baby
150,0.096,0.07200000000000001,0.5680000000000001,0.264,The Gumbo Bros
151,0.043859649122807,0.13157894736842102,0.307017543859649,0.5175438596491221,Tree House
152,0.032786885245901,0.139344262295081,0.385245901639344,0.442622950819672,Risbo
153,0.049586776859504,0.09090909090909001,0.7107438016528921,0.148760330578512,Birds of a Feather
154,0.016260162601626,0.08130081300813001,0.593495934959349,0.30894308943089405,Two 8 Two Bar & Burger
155,0.034883720930232,0.0,0.744186046511627,0.220930232558139,Lagman House
156,0.024193548387096003,0.016129032258064002,0.5483870967741931,0.411290322580645,Blueprint
157,0.08661417322834601,0.05511811023622001,0.677165354330708,0.181102362204724,East Wind Snack Shop
158,0.08196721311475401,0.024590163934426004,0.778688524590163,0.114754098360655,Ramen Danbo
159,0.09090909090909001,0.049586776859504,0.7355371900826441,0.12396694214876001,Bedouin Tent
160,0.08130081300813001,0.073170731707317,0.48780487804878003,0.35772357723577203,De Hot Pot
161,0.082644628099173,0.10743801652892501,0.5702479338842971,0.239669421487603,The Good Fork
162,0.032,0.128,0.392,0.448,Sip Unwine
163,0.07563025210084001,0.050420168067226004,0.5882352941176471,0.28571428571428503,Pollo D' Oro
164,0.033333333333333,0.08333333333333301,0.6000000000000001,0.28333333333333305,Cheeseboat
165,0.024193548387096003,0.06451612903225801,0.48387096774193505,0.427419354838709,Lucali
166,0.058823529411764004,0.033613445378151,0.6974789915966381,0.21008403361344502,Chuan Tian Xia 川天下
167,0.20161290322580602,0.08064516129032201,0.491935483870967,0.22580645161290303,Peppa's Jerk Chicken Restaurant
168,0.024390243902439,0.040650406504065005,0.6829268292682921,0.252032520325203,Saigon Grill & Bar
169,0.05645161290322501,0.024193548387096003,0.669354838709677,0.25,Brooklyn Blend
170,0.057851239669421003,0.14049586776859502,0.231404958677685,0.5702479338842971,FREEHOLD
171,0.082644628099173,0.057851239669421003,0.5454545454545451,0.314049586776859,Aita Trattoria
172,0.032,0.08,0.47200000000000003,0.41600000000000004,Manchego Koko
173,0.076335877862595,0.038167938931297,0.694656488549618,0.190839694656488,L & B Spumoni Gardens
174,0.040322580645161005,0.10483870967741901,0.5483870967741931,0.30645161290322503,Atlas Steakhouse
175,0.024793388429752,0.074380165289256,0.5289256198347101,0.37190082644628103,Brooklyn Ice House
176,0.032786885245901,0.008196721311475001,0.6475409836065571,0.31147540983606503,Esme
177,0.016806722689075,0.025210084033613002,0.80672268907563,0.15126050420168002,L'industrie Pizzeria
178,0.022900763358778,0.06870229007633501,0.633587786259541,0.274809160305343,Parkside
179,0.010526315789473,0.105263157894736,0.47368421052631504,0.410526315789473,Honey Badger
180,0.08,0.048,0.776,0.096,The Wei
181,0.06451612903225801,0.024193548387096003,0.733870967741935,0.17741935483870902,Korzo
182,0.008130081300813,0.08130081300813001,0.414634146341463,0.49593495934959303,The River Café
183,0.057851239669421003,0.033057851239669,0.619834710743801,0.28925619834710703,Roberta's
184,0.10569105691056901,0.024390243902439,0.73170731707317,0.138211382113821,Liu's Shanghai
185,0.048,0.016,0.808,0.128,Brooklyn Beet Company
186,0.099173553719008,0.074380165289256,0.619834710743801,0.20661157024793303,Luke's Lobster Brooklyn Bridge Park
187,0.11458333333333301,0.0625,0.583333333333333,0.239583333333333,Zatar
188,0.09166666666666601,0.116666666666666,0.5083333333333331,0.28333333333333305,SSAM
189,0.056910569105691006,0.073170731707317,0.552845528455284,0.31707317073170704,Ix Restaurant
190,0.0,0.031007751937984003,0.620155038759689,0.34883720930232504,ZuriLee Restaurant
191,0.046511627906976,0.077519379844961,0.40310077519379806,0.472868217054263,The Douglass Public House
192,0.10569105691056901,0.11382113821138201,0.593495934959349,0.186991869918699,Brennan & Carr
193,0.016129032258064002,0.05645161290322501,0.6451612903225801,0.282258064516129,Le Barricou
194,0.016260162601626,0.040650406504065005,0.6504065040650401,0.292682926829268,Fob Brooklyn
195,0.033057851239669,0.0,0.760330578512396,0.20661157024793303,Karczma
196,0.049586776859504,0.074380165289256,0.586776859504132,0.28925619834710703,Tchoup Shop
197,0.056910569105691006,0.073170731707317,0.609756097560975,0.260162601626016,Cent'Anni
198,0.12096774193548301,0.07258064516129001,0.6129032258064511,0.19354838709677402,Purple Yam
199,0.09230769230769201,0.13076923076923,0.47692307692307606,0.30000000000000004,Toad Style
200,0.024193548387096003,0.06451612903225801,0.6532258064516121,0.25806451612903203,Pates Et Traditions
201,0.040983606557377004,0.10655737704918,0.27049180327868805,0.5819672131147541,Berg'n
202,0.024,0.07200000000000001,0.456,0.448,Verde On Smith
203,0.097560975609756,0.11382113821138201,0.6504065040650401,0.138211382113821,Gueros
204,0.07258064516129001,0.07258064516129001,0.693548387096774,0.16129032258064502,The Meatball Shop
205,0.073170731707317,0.073170731707317,0.552845528455284,0.30081300813008105,Selamat Pagi
206,0.07377049180327801,0.10655737704918,0.5819672131147541,0.237704918032786,Colonia Verde
207,0.023076923076923002,0.069230769230769,0.538461538461538,0.36923076923076903,Miti Miti
208,0.032258064516129004,0.06451612903225801,0.532258064516129,0.37096774193548304,Chez Oskar
209,0.017391304347826,0.060869565217391,0.6347826086956521,0.28695652173913,Newyorktitlan
210,0.032,0.064,0.632,0.272,Walter's
211,0.049586776859504,0.09090909090909001,0.611570247933884,0.24793388429752003,ICHIRAN - Brooklyn
212,0.126050420168067,0.100840336134453,0.647058823529411,0.126050420168067,Mimi's Hummus
213,0.048780487804878,0.048780487804878,0.7398373983739831,0.16260162601626002,Silver Rice
214,0.033333333333333,0.022222222222222,0.711111111111111,0.23333333333333303,Fat Doughnut
215,0.058823529411764004,0.025210084033613002,0.7310924369747891,0.18487394957983103,Don Chingon
216,0.022900763358778,0.038167938931297,0.633587786259541,0.305343511450381,Champs Diner
217,0.024193548387096003,0.024193548387096003,0.6854838709677411,0.266129032258064,Naked Dog
218,0.056,0.112,0.5760000000000001,0.256,Dar 525
219,0.15384615384615302,0.059829059829059006,0.752136752136752,0.034188034188034004,Xifu Food
220,0.065217391304347,0.05434782608695601,0.6847826086956521,0.19565217391304301,Tamra Teahouse
221,0.07692307692307601,0.046153846153846004,0.6692307692307691,0.207692307692307,Bricolage
222,0.087301587301587,0.087301587301587,0.69047619047619,0.134920634920634,Fette Sau
223,0.057377049180327,0.032786885245901,0.631147540983606,0.278688524590163,Maite
224,0.057851239669421003,0.157024793388429,0.41322314049586706,0.37190082644628103,Brooklyn Crab
225,0.04918032786885201,0.07377049180327801,0.48360655737704905,0.39344262295081905,Industry 1332
226,0.032,0.024,0.8160000000000001,0.128,Misi
227,0.047244094488188004,0.047244094488188004,0.5748031496062991,0.330708661417322,Pearl's
228,0.016528925619834,0.066115702479338,0.42148760330578505,0.49586776859504106,June
229,0.040983606557377004,0.04918032786885201,0.6557377049180321,0.25409836065573704,Parlay
230,0.055555555555555004,0.09523809523809501,0.5317460317460311,0.317460317460317,Jack the Horse Tavern
231,0.09701492537313401,0.037313432835820004,0.53731343283582,0.32835820895522305,East Harbor Seafood Palace
232,0.103174603174603,0.063492063492063,0.69047619047619,0.14285714285714202,Kimchi Grill
233,0.023255813953488,0.069767441860465,0.6976744186046511,0.20930232558139503,Werkstatt
234,0.033057851239669,0.033057851239669,0.42975206611570205,0.504132231404958,TØRST
235,0.07377049180327801,0.032786885245901,0.573770491803278,0.319672131147541,Cafe Argentino
236,0.07079646017699101,0.07079646017699101,0.654867256637168,0.203539823008849,MISC
237,0.033057851239669,0.016528925619834,0.611570247933884,0.33884297520661105,Thai Farm Kitchen
238,0.09375000000000001,0.0625,0.7109375,0.1328125,Yun Nan Flavor Garden
239,0.058333333333333,0.108333333333333,0.433333333333333,0.4,PLG Coffee House and Tavern
240,0.008,0.064,0.648,0.28,Cafe Luluc
241,0.031496062992125005,0.06299212598425101,0.637795275590551,0.26771653543307,Tanoreen
242,0.041322314049586,0.041322314049586,0.7024793388429751,0.21487603305785102,The Saint Austere
243,0.020833333333333003,0.052083333333333,0.5,0.42708333333333304,King Of The Sea
244,0.040404040404040005,0.15151515151515102,0.5454545454545451,0.26262626262626204,Brown Butter
245,0.049586776859504,0.10743801652892501,0.512396694214876,0.330578512396694,The Hive
246,0.041666666666666005,0.09166666666666601,0.55,0.31666666666666604,Celestine
247,0.08943089430894301,0.056910569105691006,0.764227642276422,0.08943089430894301,Bozu
248,0.075,0.05,0.525,0.35000000000000003,Le Garage
249,0.130081300813008,0.040650406504065005,0.6829268292682921,0.146341463414634,Island Express
250,0.057851239669421003,0.11570247933884201,0.595041322314049,0.231404958677685,Speedy Romeo
251,0.065040650406504,0.08130081300813001,0.6504065040650401,0.203252032520325,El Almacen
252,0.10569105691056901,0.024390243902439,0.796747967479674,0.073170731707317,Nacho Macho Taco
253,0.102362204724409,0.11023622047244001,0.629921259842519,0.157480314960629,Han Dynasty
254,0.015873015873015,0.039682539682539,0.484126984126984,0.46031746031746,Negril BK
255,0.05645161290322501,0.0,0.846774193548387,0.09677419354838701,Ba Xuyen
256,0.016,0.04,0.504,0.44,Palo Santo
257,0.023809523809523003,0.031746031746031,0.611111111111111,0.33333333333333304,Colonie
258,0.016393442622950002,0.16393442622950802,0.319672131147541,0.5,The Rookery
259,0.023622047244094002,0.070866141732283,0.629921259842519,0.27559055118110204,Llama Inn
260,0.016129032258064002,0.11290322580645101,0.532258064516129,0.33870967741935404,Gnarly Eats
261,0.033333333333333,0.09166666666666601,0.45833333333333304,0.416666666666666,Glasserie
262,0.05645161290322501,0.024193548387096003,0.6209677419354831,0.298387096774193,Locanda Vini e Olii
263,0.048780487804878,0.048780487804878,0.6341463414634141,0.268292682926829,Arepera Guacuco Bushwick
264,0.033057851239669,0.074380165289256,0.611570247933884,0.28099173553719003,Stone Park Cafe
265,0.09230769230769201,0.07692307692307601,0.53076923076923,0.30000000000000004,Am Thai Bistro
266,0.09836065573770401,0.065573770491803,0.631147540983606,0.20491803278688503,Taheni Mediterranean Grill
267,0.024590163934426004,0.065573770491803,0.48360655737704905,0.426229508196721,Ital Kitchen
268,0.10924369747899101,0.042016806722689,0.638655462184873,0.21008403361344502,Look By Plant Love House
269,0.0,0.040983606557377004,0.7213114754098361,0.237704918032786,Oxomoco
270,0.09523809523809501,0.023809523809523003,0.6269841269841271,0.253968253968253,White Maize
271,0.10606060606060601,0.045454545454545005,0.712121212121212,0.13636363636363602,Pho 60
272,0.05426356589147201,0.062015503875968006,0.511627906976744,0.372093023255813,Cafe Madeline
273,0.060344827586206004,0.094827586206896,0.612068965517241,0.23275862068965503,Mother's Seafood & More
274,0.056,0.14400000000000002,0.48,0.32,Five Leaves
275,0.015748031496062,0.05511811023622001,0.40157480314960603,0.5275590551181101,99 Favor Taste
276,0.093023255813953,0.093023255813953,0.51937984496124,0.294573643410852,The OX Tavern
277,0.032786885245901,0.07377049180327801,0.442622950819672,0.45081967213114704,St. Mazie
278,0.065573770491803,0.08196721311475401,0.5,0.352459016393442,Fort Defiance
279,0.041322314049586,0.033057851239669,0.652892561983471,0.27272727272727204,Wafa's
280,0.039682539682539,0.087301587301587,0.5317460317460311,0.341269841269841,Athena Mediterranean Cuisine
281,0.040816326530612006,0.010204081632653001,0.612244897959183,0.336734693877551,Dock Asian Eatery
282,0.08064516129032201,0.06451612903225801,0.5483870967741931,0.30645161290322503,White Tiger
283,0.022900763358778,0.076335877862595,0.610687022900763,0.290076335877862,Brooklyn Burgers & Beer
284,0.10743801652892501,0.057851239669421003,0.7272727272727271,0.10743801652892501,Banh Mi Place
285,0.008130081300813,0.032520325203252,0.658536585365853,0.30081300813008105,Tava Turkish Mediterranean
286,0.13709677419354802,0.09677419354838701,0.6129032258064511,0.15322580645161202,Junior's Restaurant
287,0.055555555555555004,0.16666666666666602,0.44444444444444403,0.33333333333333304,The Commodore
288,0.1,0.075,0.5666666666666661,0.258333333333333,Skovorodka
289,0.032520325203252,0.073170731707317,0.674796747967479,0.21951219512195103,La Vara
290,0.058333333333333,0.033333333333333,0.5666666666666661,0.341666666666666,Reunion
291,0.032520325203252,0.097560975609756,0.536585365853658,0.33333333333333304,Cecconi's Dumbo
292,0.0859375,0.1953125,0.3671875,0.3515625,Footprints Cafe
293,0.064,0.056,0.504,0.376,The Osprey
294,0.065040650406504,0.08943089430894301,0.45528455284552805,0.390243902439024,Forrest Point
295,0.024390243902439,0.056910569105691006,0.7235772357723571,0.195121951219512,Avlee Greek Kitchen
296,0.04,0.04,0.48,0.44,Bacchus Bistro & Wine Bar
297,0.05645161290322501,0.23387096774193503,0.37096774193548304,0.33870967741935404,Black Swan
298,0.057851239669421003,0.099173553719008,0.5785123966942141,0.26446280991735505,Claro
299,0.064,0.136,0.528,0.272,Buffalo's Famous
300,0.05645161290322501,0.13709677419354802,0.427419354838709,0.379032258064516,Grimaldi's Pizzeria
301,0.103174603174603,0.079365079365079,0.5714285714285711,0.24603174603174602,Dannee
302,0.12396694214876001,0.074380165289256,0.5619834710743801,0.239669421487603,Black Iris
303,0.09836065573770401,0.07377049180327801,0.7295081967213111,0.09836065573770401,Wasan Brooklyn
304,0.137931034482758,0.022988505747126003,0.7471264367816091,0.09195402298850501,Golden Rich
305,0.048387096774193006,0.048387096774193006,0.6774193548387091,0.22580645161290303,Caracas Arepa Bar
306,0.04,0.056,0.6000000000000001,0.304,Anella
307,0.05426356589147201,0.015503875968992002,0.6356589147286821,0.294573643410852,Michael's of Brooklyn
308,0.074380165289256,0.11570247933884201,0.5619834710743801,0.24793388429752003,Samurai Mama
309,0.075,0.066666666666666,0.616666666666666,0.24166666666666603,Java Indonesian Restaurant
310,0.03875968992248,0.05426356589147201,0.5736434108527131,0.33333333333333304,South Brooklyn Foundry
311,0.031746031746031,0.087301587301587,0.515873015873015,0.365079365079365,Belarussian Xata
312,0.032258064516129004,0.05645161290322501,0.5806451612903221,0.330645161290322,Rose Water
313,0.033057851239669,0.12396694214876001,0.388429752066115,0.45454545454545403,Skytown
314,0.064,0.088,0.6000000000000001,0.248,Colombia In Park Slope
315,0.09016393442622901,0.15573770491803202,0.5163934426229501,0.237704918032786,Zaytoons
316,0.048,0.032,0.536,0.384,Aurora
317,0.075,0.058333333333333,0.625,0.24166666666666603,Meadowsweet
318,0.05494505494505401,0.05494505494505401,0.703296703296703,0.186813186813186,212 Burgers
319,0.057851239669421003,0.057851239669421003,0.5371900826446281,0.34710743801652805,Williamsburg Smorgasburg - Saturday
320,0.021052631578947,0.031578947368421005,0.557894736842105,0.389473684210526,Aska
321,0.057851239669421003,0.041322314049586,0.586776859504132,0.314049586776859,The Four Horsemen
322,0.139344262295081,0.057377049180327,0.745901639344262,0.057377049180327,Momo Ramen
323,0.016393442622950002,0.057377049180327,0.34426229508196704,0.5819672131147541,Brooklyn Cider House
324,0.040650406504065005,0.073170731707317,0.7235772357723571,0.16260162601626002,Chilo's
325,0.084745762711864,0.042372881355932,0.6949152542372881,0.177966101694915,Trinidad Golden Place Restaurant
326,0.10483870967741901,0.10483870967741901,0.45161290322580605,0.33870967741935404,Sally Roots
327,0.016528925619834,0.13223140495867702,0.5454545454545451,0.305785123966942,Kevin's
328,0.038461538461538006,0.115384615384615,0.34615384615384603,0.5,The Topaz
329,0.057377049180327,0.057377049180327,0.491803278688524,0.39344262295081905,The Quarter Brooklyn
330,0.056910569105691006,0.032520325203252,0.626016260162601,0.284552845528455,Rucola
331,0.032,0.12,0.4,0.448,Sea
332,0.016129032258064002,0.08064516129032201,0.491935483870967,0.411290322580645,Leyenda
333,0.025,0.016666666666666,0.708333333333333,0.25,El Born
334,0.073170731707317,0.008130081300813,0.7723577235772351,0.146341463414634,Nam Nam
335,0.074380165289256,0.099173553719008,0.5702479338842971,0.256198347107438,The Wheelhouse
336,0.040650406504065005,0.08943089430894301,0.6178861788617881,0.252032520325203,Ali's Trinidad Roti Shop
337,0.032258064516129004,0.040322580645161005,0.637096774193548,0.29032258064516103,Ammazzacaffè
338,0.008196721311475001,0.008196721311475001,0.5163934426229501,0.46721311475409805,Brookvin
339,0.016666666666666,0.08333333333333301,0.6000000000000001,0.30000000000000004,The Finch
340,0.07377049180327801,0.04918032786885201,0.631147540983606,0.245901639344262,Gentleman Farmer - Fort Greene
341,0.043010752688172005,0.10752688172043001,0.6236559139784941,0.22580645161290303,MeMe's Diner
342,0.041666666666666005,0.025,0.7333333333333331,0.2,Sushi Lin
343,0.065040650406504,0.040650406504065005,0.6991869918699181,0.195121951219512,La Goulette
344,0.023076923076923002,0.046153846153846004,0.6615384615384611,0.269230769230769,Blue Ribbon Brasserie - Brooklyn
345,0.07258064516129001,0.07258064516129001,0.5241935483870961,0.330645161290322,Sugarburg
346,0.07377049180327801,0.04918032786885201,0.573770491803278,0.30327868852459,Faro
347,0.046511627906976,0.015503875968992002,0.7751937984496121,0.162790697674418,Lilia
348,0.131147540983606,0.024590163934426004,0.745901639344262,0.09836065573770401,Koko Ramen
349,0.029197080291970004,0.014598540145985002,0.686131386861313,0.27007299270072904,Krupa Grocery
350,0.09016393442622901,0.09016393442622901,0.598360655737704,0.221311475409836,Lobster Joint
351,0.12307692307692301,0.18461538461538402,0.515384615384615,0.17692307692307602,Tepache
352,0.18103448275862002,0.103448275862068,0.5172413793103441,0.19827586206896503,Exquisite Delight
353,0.07258064516129001,0.06451612903225801,0.661290322580645,0.20161290322580602,Alta Calidad
354,0.024193548387096003,0.08064516129032201,0.629032258064516,0.266129032258064,Westville Dumbo
355,0.05645161290322501,0.040322580645161005,0.6774193548387091,0.22580645161290303,Fausto
356,0.056,0.16,0.4,0.384,Diner
357,0.0625,0.0859375,0.640625,0.2109375,Chez Ma Tante
358,0.14516129032258002,0.12096774193548301,0.6209677419354831,0.11290322580645101,Bushwick Taco Company
359,0.016393442622950002,0.08196721311475401,0.60655737704918,0.295081967213114,Faros Restaurant
360,0.031746031746031,0.087301587301587,0.595238095238095,0.28571428571428503,Northern Bell
361,0.047244094488188004,0.157480314960629,0.34645669291338504,0.44881889763779503,Bluebird
362,0.032520325203252,0.048780487804878,0.6991869918699181,0.21951219512195103,Piccoli Trattoria
363,0.041666666666666005,0.058333333333333,0.7000000000000001,0.2,Emmy Squared - Brooklyn
364,0.06315789473684201,0.021052631578947,0.684210526315789,0.23157894736842102,HANKI Everyday Korean
365,0.048,0.048,0.664,0.24,BK JANI
366,0.116666666666666,0.075,0.6083333333333331,0.2,Tortilleria Mexicana Los Hermanos
367,0.066115702479338,0.057851239669421003,0.49586776859504106,0.380165289256198,Stonefruit Espresso + Kitchen
368,0.112,0.08,0.5760000000000001,0.232,El Gran Castillo De Jagua
369,0.041322314049586,0.057851239669421003,0.6776859504132231,0.22314049586776802,Falansai
370,0.020202020202020003,0.14141414141414102,0.696969696969697,0.14141414141414102,Lula Bird
371,0.008,0.128,0.544,0.32,Ghenet Brooklyn
372,0.047244094488188004,0.102362204724409,0.480314960629921,0.37007874015748005,Imani Caribbean Kitchen & Bar
373,0.073170731707317,0.056910569105691006,0.593495934959349,0.276422764227642,Nourish
374,0.114754098360655,0.08196721311475401,0.6475409836065571,0.15573770491803202,Luke's Lobster Park Slope
375,0.057851239669421003,0.13223140495867702,0.231404958677685,0.5785123966942141,Syndicated Bar Theater Kitchen
376,0.10743801652892501,0.082644628099173,0.504132231404958,0.305785123966942,Taco Dumbo
377,0.0546875,0.0859375,0.6875,0.171875,Kings Co Imperial
378,0.07692307692307601,0.038461538461538006,0.644230769230769,0.24038461538461503,Cuts & Slices
379,0.14049586776859502,0.099173553719008,0.49586776859504106,0.26446280991735505,Momo Sushi Shack
380,0.10483870967741901,0.08870967741935401,0.30645161290322503,0.5,Shake Shack
381,0.016666666666666,0.075,0.47500000000000003,0.433333333333333,Hollow Nickel
382,0.075,0.075,0.6000000000000001,0.25,Paloma's
383,0.05645161290322501,0.09677419354838701,0.379032258064516,0.46774193548387005,Outpost Café
384,0.064,0.04,0.8240000000000001,0.07200000000000001,Kogane Ramen
385,0.008130081300813,0.073170731707317,0.504065040650406,0.414634146341463,Hill Cafe
386,0.136,0.096,0.536,0.232,Gandhi Fine Indian Cuisine
387,0.10655737704918,0.07377049180327801,0.48360655737704905,0.336065573770491,A Gusto Thai Bistro
388,0.065040650406504,0.073170731707317,0.504065040650406,0.35772357723577203,MOMO Hibachi Steak House & Bar
389,0.10655737704918,0.04918032786885201,0.737704918032786,0.10655737704918,Ozi Dumplings
390,0.034482758620689,0.034482758620689,0.612068965517241,0.318965517241379,Hot Space
391,0.11570247933884201,0.074380165289256,0.6776859504132231,0.13223140495867702,Xi'an Famous Foods
392,0.06299212598425101,0.070866141732283,0.559055118110236,0.307086614173228,Lima Mill Basin
393,0.064,0.12,0.52,0.296,Opera Cafe & Lounge
394,0.074380165289256,0.066115702479338,0.586776859504132,0.27272727272727204,Meze
395,0.048,0.07200000000000001,0.656,0.224,Cherry Point
396,0.016806722689075,0.042016806722689,0.7058823529411761,0.23529411764705802,Mesa Coyoacan
397,0.063492063492063,0.11111111111111101,0.46825396825396803,0.35714285714285704,Rocco's Tacos & Tequila Bar
398,0.027027027027027,0.054054054054054,0.7027027027027021,0.216216216216216,Camperdown Elm
399,0.025641025641025002,0.145299145299145,0.247863247863247,0.581196581196581,The Brooklyn Barge
400,0.040322580645161005,0.048387096774193006,0.629032258064516,0.282258064516129,Brooklyn Kolache
401,0.016129032258064002,0.040322580645161005,0.5806451612903221,0.362903225806451,Le Fond
402,0.047244094488188004,0.039370078740157,0.637795275590551,0.27559055118110204,Mondayoff by Plant Love House
403,0.072916666666666,0.09375000000000001,0.5416666666666661,0.291666666666666,Seamore's
404,0.073170731707317,0.073170731707317,0.6341463414634141,0.21951219512195103,Dotory
405,0.025,0.075,0.558333333333333,0.341666666666666,House of Small Wonder
406,0.048,0.07200000000000001,0.648,0.232,Pels Pie Co.
407,0.032520325203252,0.048780487804878,0.642276422764227,0.276422764227642,Mazzat
408,0.128,0.064,0.656,0.152,Taqueria Tepango
409,0.032,0.168,0.512,0.28800000000000003,Daddy Greens
410,0.033613445378151,0.100840336134453,0.554621848739495,0.310924369747899,Fonda Park Slope
411,0.102803738317757,0.12149532710280302,0.588785046728971,0.186915887850467,Bake & Things
412,0.06741573033707801,0.101123595505617,0.5393258426966291,0.29213483146067404,Lucky House Kitchen
413,0.065040650406504,0.065040650406504,0.6829268292682921,0.186991869918699,Testo
414,0.08870967741935401,0.12903225806451601,0.35483870967741904,0.427419354838709,Sweet Science
415,0.040983606557377004,0.21311475409836,0.5409836065573771,0.20491803278688503,Kulushkat
416,0.10655737704918,0.032786885245901,0.704918032786885,0.15573770491803202,Dim Sum Bar
417,0.07258064516129001,0.07258064516129001,0.564516129032258,0.29032258064516103,Ogliastro
418,0.040983606557377004,0.040983606557377004,0.286885245901639,0.631147540983606,Time Out Market New York
419,0.032786885245901,0.122950819672131,0.37704918032786805,0.46721311475409805,Milk And Roses
420,0.046511627906976,0.05426356589147201,0.5426356589147281,0.356589147286821,George's
421,0.0625,0.0390625,0.453125,0.4453125,Lan Ting Hotpot
422,0.064,0.152,0.28800000000000003,0.496,Sea Witch
423,0.033613445378151,0.10924369747899101,0.521008403361344,0.336134453781512,Ela Taverna
424,0.10077519379844901,0.085271317829457,0.550387596899224,0.263565891472868,Bonnie's Grill
425,0.064,0.10400000000000001,0.544,0.28800000000000003,Libertador Steakhouse - Brooklyn
426,0.073170731707317,0.032520325203252,0.6178861788617881,0.276422764227642,Di An Di
427,0.06870229007633501,0.175572519083969,0.572519083969465,0.183206106870229,Taqueria El Patron Mexican Grill
428,0.04918032786885201,0.016393442622950002,0.7213114754098361,0.21311475409836,Amber Steak House
429,0.08064516129032201,0.11290322580645101,0.330645161290322,0.475806451612903,BK9
430,0.024590163934426004,0.032786885245901,0.6229508196721311,0.319672131147541,Prospect Bar & Grill
431,0.016129032258064002,0.048387096774193006,0.6774193548387091,0.25806451612903203,Panino Rustico
432,0.075,0.15,0.383333333333333,0.39166666666666605,Heavy Woods
433,0.08333333333333301,0.08333333333333301,0.55,0.28333333333333305,Bombay Grill
434,0.043859649122807,0.035087719298245,0.5964912280701751,0.32456140350877105,Macdonough Café
435,0.07377049180327801,0.10655737704918,0.5491803278688521,0.27049180327868805,A&A Bake and Double and Roti Shop
436,0.047619047619047006,0.063492063492063,0.6746031746031741,0.21428571428571402,Batata
437,0.047619047619047006,0.079365079365079,0.595238095238095,0.277777777777777,Chez Moi
438,0.130081300813008,0.097560975609756,0.42276422764227606,0.34959349593495903,Japan Village
439,0.032520325203252,0.016260162601626,0.7560975609756091,0.195121951219512,Gersi
440,0.06299212598425101,0.11023622047244001,0.519685039370078,0.307086614173228,Chez Alex
441,0.024590163934426004,0.040983606557377004,0.631147540983606,0.30327868852459,Guadalupe Inn
442,0.05645161290322501,0.07258064516129001,0.637096774193548,0.23387096774193503,Faun
443,0.025210084033613002,0.07563025210084001,0.41176470588235203,0.48739495798319304,SAMUI
444,0.022471910112359002,0.05617977528089801,0.44943820224719105,0.47191011235955005,Clara's
445,0.055555555555555004,0.158730158730158,0.49206349206349204,0.293650793650793,Shake Shack
446,0.008264462809917,0.033057851239669,0.636363636363636,0.322314049586776,Sweetwater Restaurant
447,0.066115702479338,0.09090909090909001,0.45454545454545403,0.388429752066115,Shake Shack
448,0.09166666666666601,0.041666666666666005,0.741666666666666,0.125,Inca Chicken
449,0.040650406504065005,0.138211382113821,0.398373983739837,0.42276422764227606,Sugarcane Raw Bar Grill
450,0.131782945736434,0.062015503875968006,0.589147286821705,0.21705426356589103,Taro Sushi
451,0.066115702479338,0.082644628099173,0.636363636363636,0.21487603305785102,Frankies 457 Spuntino
452,0.112,0.04,0.632,0.216,Wangs
453,0.008264462809917,0.157024793388429,0.28925619834710703,0.5454545454545451,Westlight
454,0.084033613445378,0.10924369747899101,0.621848739495798,0.18487394957983103,Hunan Delight
455,0.024193548387096003,0.048387096774193006,0.733870967741935,0.19354838709677402,St. Anselm
456,0.039682539682539,0.0,0.7222222222222221,0.23809523809523803,Runner & Stone
