,negfood_score,negservice_score,posfood_score,posservice_score,restaurant
0,0.008196721311475001,0.032786885245901,0.459016393442622,0.5,Haidilao Hotpot
1,0.007874015748031,0.031496062992125005,0.5748031496062991,0.385826771653543,The Alcove
2,0.042372881355932,0.059322033898305,0.661016949152542,0.23728813559322,Jack & Nellie's
3,0.050420168067226004,0.050420168067226004,0.5966386554621841,0.30252100840336105,Mojo Restaurant
4,0.039682539682539,0.039682539682539,0.5793650793650791,0.341269841269841,Queens Comfort
5,0.08196721311475401,0.040983606557377004,0.778688524590163,0.09836065573770401,Memories of Shanghai
6,0.042372881355932,0.025423728813559,0.6949152542372881,0.23728813559322,Forest Hills Station House
7,0.08333333333333301,0.041666666666666005,0.716666666666666,0.15833333333333302,Kitchen 79
8,0.056910569105691006,0.008130081300813,0.7398373983739831,0.195121951219512,Sugar Freak
9,0.10569105691056901,0.032520325203252,0.6341463414634141,0.22764227642276402,Sanfords Astoria
10,0.042016806722689,0.042016806722689,0.7310924369747891,0.18487394957983103,Metro Taco
11,0.04,0.08,0.664,0.216,Mom's Kitchen & Bar
12,0.032,0.024,0.544,0.4,The Highwater
13,0.048387096774193006,0.048387096774193006,0.629032258064516,0.27419354838709603,Jora Restaurant & Bar
14,0.046511627906976,0.031007751937984003,0.782945736434108,0.13953488372093,Oceanic Boil
15,0.07142857142857101,0.023809523809523003,0.73015873015873,0.174603174603174,Arepa Lady
16,0.08,0.048,0.6960000000000001,0.176,Cabana
17,0.066115702479338,0.049586776859504,0.603305785123966,0.28099173553719003,Sweet Chick
18,0.058823529411764004,0.014705882352941001,0.5735294117647051,0.35294117647058804,Dinerbar
19,0.06451612903225801,0.024193548387096003,0.82258064516129,0.08870967741935401,Joe's Steam Rice Roll
20,0.016129032258064002,0.048387096774193006,0.6209677419354831,0.314516129032258,Trattoria L'incontro
21,0.032520325203252,0.048780487804878,0.5447154471544711,0.373983739837398,Trestle
22,0.040650406504065005,0.048780487804878,0.6341463414634141,0.276422764227642,Nicks Bistro
23,0.047619047619047006,0.023809523809523003,0.634920634920634,0.293650793650793,The Queensboro
24,0.041666666666666005,0.016666666666666,0.6583333333333331,0.28333333333333305,LIC Market
25,0.064748201438848,0.035971223021582004,0.7482014388489201,0.15107913669064701,Naked Crab
26,0.065573770491803,0.04918032786885201,0.6885245901639341,0.19672131147540903,Rincon Criollo
27,0.024390243902439,0.032520325203252,0.593495934959349,0.34959349593495903,Maiella
28,0.022556390977443,0.09774436090225501,0.44360902255639,0.43609022556390903,IL Triangolo Restaurant
29,0.110169491525423,0.076271186440677,0.440677966101694,0.372881355932203,Lobster House All You Can Eat Seafood
30,0.065040650406504,0.024390243902439,0.707317073170731,0.203252032520325,Taverna Kyclades
31,0.046511627906976,0.023255813953488,0.844961240310077,0.085271317829457,JoJu
32,0.056910569105691006,0.065040650406504,0.5121951219512191,0.365853658536585,Rainhas Churrascaria
33,0.008130081300813,0.032520325203252,0.609756097560975,0.34959349593495903,Marani
34,0.023809523809523003,0.015873015873015,0.7142857142857141,0.24603174603174602,Meet The Meat
35,0.066115702479338,0.074380165289256,0.5537190082644621,0.305785123966942,The Shady Lady
36,0.067226890756302,0.033613445378151,0.7226890756302521,0.17647058823529402,Seva Indian Cuisine
37,0.09523809523809501,0.015873015873015,0.7698412698412691,0.11904761904761901,Lhasa Fast Food
38,0.099173553719008,0.066115702479338,0.5454545454545451,0.28925619834710703,Astoria Seafood
39,0.0078125,0.0390625,0.734375,0.21875000000000003,Kin'd
40,0.015503875968992002,0.05426356589147201,0.751937984496124,0.17829457364341,SoleLuna Restaurant
41,0.12396694214876001,0.033057851239669,0.7024793388429751,0.14049586776859502,SriPraPhai Thai Restaurant
42,0.04,0.032,0.736,0.192,Julia's
43,0.033057851239669,0.049586776859504,0.380165289256198,0.5371900826446281,The Beast Next Door
44,0.05,0.02,0.6900000000000001,0.24,The Cast Iron Pot 3
45,0.03076923076923,0.107692307692307,0.5,0.36153846153846103,Park Side Restaurant
46,0.08130081300813001,0.040650406504065005,0.691056910569105,0.186991869918699,Hahm Ji Bach
47,0.158730158730158,0.079365079365079,0.69047619047619,0.07142857142857101,Bund On Broadway
48,0.056,0.088,0.8,0.056,Shanghai You Garden
49,0.032520325203252,0.016260162601626,0.8130081300813,0.138211382113821,Casa Enrique
50,0.040650406504065005,0.15447154471544702,0.268292682926829,0.536585365853658,Mamajuana Cafe Queens
51,0.008264462809917,0.074380165289256,0.479338842975206,0.43801652892561904,Leaf Bar & Lounge
52,0.069767441860465,0.023255813953488,0.744186046511627,0.162790697674418,District Saigon
53,0.022727272727272003,0.015151515151515001,0.689393939393939,0.27272727272727204,Queens International Night Market
54,0.10569105691056901,0.056910569105691006,0.6991869918699181,0.138211382113821,John Brown Smokehouse
55,0.05940594059405901,0.019801980198019,0.6633663366336631,0.25742574257425704,Lucky Chen - 五锦轩
56,0.034782608695652,0.026086956521739,0.7826086956521741,0.15652173913043402,The Breakfast Shack
57,0.025,0.016666666666666,0.708333333333333,0.25,Côté Soleil
58,0.037383177570093004,0.0,0.9252336448598131,0.037383177570093004,Maxi’s Noodle
59,0.024590163934426004,0.04918032786885201,0.491803278688524,0.43442622950819604,Sabor De Cuba
60,0.0859375,0.0546875,0.625,0.234375,Gastroteca
61,0.007751937984496001,0.069767441860465,0.6666666666666661,0.255813953488372,Mama Lee
62,0.016,0.048,0.5680000000000001,0.368,The Bonnie
63,0.05511811023622001,0.039370078740157,0.6456692913385821,0.259842519685039,Mito Asian Fusion
64,0.032786885245901,0.040983606557377004,0.6803278688524591,0.245901639344262,Café Henri
65,0.10606060606060601,0.07575757575757501,0.59090909090909,0.22727272727272702,OBA Mediterranean Gyro & Grill
66,0.097560975609756,0.024390243902439,0.829268292682926,0.048780487804878,Kung Fu Xiao Long Bao
67,0.063063063063063,0.027027027027027,0.7387387387387381,0.171171171171171,KAL
68,0.062015503875968006,0.10077519379844901,0.51937984496124,0.31782945736434104,Queens Bully
69,0.041322314049586,0.074380165289256,0.512396694214876,0.37190082644628103,LaGuardia Cafe
70,0.055555555555555004,0.047619047619047006,0.436507936507936,0.46031746031746,The Thirsty Koala
71,0.11627906976744101,0.03875968992248,0.6976744186046511,0.147286821705426,Hashi Ramen & Izakaya
72,0.056074766355140006,0.028037383177570003,0.7289719626168221,0.186915887850467,Izakaya Mew Flushing
73,0.047619047619047006,0.079365079365079,0.611111111111111,0.26190476190476103,Ornella Trattoria Italiana
74,0.174603174603174,0.015873015873015,0.7539682539682541,0.055555555555555004,Taste Good Malaysian Cuisine
75,0.09375000000000001,0.0546875,0.6015625,0.25,Tuscan Hills
76,0.05645161290322501,0.024193548387096003,0.7741935483870961,0.14516129032258002,Dawa's
77,0.10569105691056901,0.0,0.8211382113821131,0.073170731707317,Xin Taste Hand Pull Noodle
78,0.08823529411764701,0.044117647058823005,0.5955882352941171,0.272058823529411,Butcher Bar
79,0.14285714285714202,0.067226890756302,0.6974789915966381,0.09243697478991501,Main Street C&L Imperial Taiwanese Gourmet 北港台菜館
80,0.024,0.056,0.648,0.272,Rove
81,0.13076923076923,0.038461538461538006,0.7000000000000001,0.13076923076923,Tamashii Red
82,0.07200000000000001,0.016,0.744,0.168,969 NYC Coffee
83,0.075,0.05,0.7333333333333331,0.14166666666666602,Yummy Noodle House 粥麵之家
84,0.038167938931297,0.167938931297709,0.633587786259541,0.16030534351145,London Lennie's
85,0.040983606557377004,0.016393442622950002,0.6885245901639341,0.25409836065573704,Bistro Eloise
86,0.03125,0.0,0.7187500000000001,0.25,Sup Thai Kitchen
87,0.032258064516129004,0.07258064516129001,0.508064516129032,0.38709677419354804,The Astorian
88,0.0075187969924810005,0.045112781954887,0.48872180451127806,0.458646616541353,Blend
89,0.033057851239669,0.049586776859504,0.520661157024793,0.396694214876033,Fresco's Cantina
90,0.07692307692307601,0.14615384615384602,0.453846153846153,0.32307692307692304,The Door
91,0.050420168067226004,0.025210084033613002,0.6050420168067221,0.319327731092436,Tiger Sugar
92,0.11382113821138201,0.040650406504065005,0.7398373983739831,0.10569105691056901,Lao Bei Fang Dumpling House
93,0.039682539682539,0.023809523809523003,0.35714285714285704,0.5793650793650791,Addictive Wine and Tapas Bar
94,0.07142857142857101,0.09523809523809501,0.7142857142857141,0.11904761904761901,Mu Ramen
95,0.056,0.168,0.504,0.272,Dirty Pierre's
96,0.014705882352941001,0.058823529411764004,0.5955882352941171,0.330882352941176,The Dolar Shop
97,0.032258064516129004,0.016129032258064002,0.8709677419354831,0.08064516129032201,Dae Sung Kal Guk Su
98,0.05645161290322501,0.06451612903225801,0.6854838709677411,0.19354838709677402,Roast & Co
99,0.033057851239669,0.0,0.818181818181818,0.148760330578512,Lamoon
100,0.126050420168067,0.042016806722689,0.7058823529411761,0.126050420168067,La Cabana
101,0.024193548387096003,0.05645161290322501,0.596774193548387,0.32258064516129004,The Coop
102,0.082644628099173,0.148760330578512,0.43801652892561904,0.330578512396694,Red Pipe Cafe
103,0.008264462809917,0.024793388429752,0.41322314049586706,0.5537190082644621,Gyu-Kaku Japanese BBQ
104,0.065573770491803,0.10655737704918,0.5491803278688521,0.278688524590163,Good Eats Diner
105,0.06451612903225801,0.10483870967741901,0.701612903225806,0.12903225806451601,Chela & Garnacha
106,0.130081300813008,0.032520325203252,0.626016260162601,0.21138211382113803,Sik Gaek
107,0.116666666666666,0.075,0.7000000000000001,0.108333333333333,Tito Rad's Grill
108,0.13675213675213602,0.11965811965811901,0.47008547008547,0.27350427350427303,No5nyc
109,0.1,0.036363636363636,0.7545454545454541,0.109090909090909,Legend Chicken
110,0.07826086956521701,0.017391304347826,0.565217391304347,0.339130434782608,While In Kathmandu
111,0.023622047244094002,0.007874015748031,0.8031496062992121,0.165354330708661,Mad For Chicken
112,0.10743801652892501,0.057851239669421003,0.7272727272727271,0.10743801652892501,Spy C Cuisine
113,0.05,0.075,0.49166666666666603,0.383333333333333,Industry 1332
114,0.047169811320754006,0.066037735849056,0.38679245283018804,0.5,Anable Basin Sailing Bar & Grill
115,0.041322314049586,0.024793388429752,0.5785123966942141,0.35537190082644604,The Lowery Bar & Kitchen
116,0.032786885245901,0.032786885245901,0.6147540983606551,0.319672131147541,Sweet Afton
117,0.09523809523809501,0.0,0.825396825396825,0.079365079365079,Eim Khao Mun Kai Elmhurst
118,0.146341463414634,0.024390243902439,0.73170731707317,0.097560975609756,Fu Yuan
119,0.09677419354838701,0.024193548387096003,0.7741935483870961,0.10483870967741901,Pho Metro
120,0.09016393442622901,0.09836065573770401,0.6475409836065571,0.16393442622950802,Taiwanese Gourmet
121,0.087301587301587,0.126984126984126,0.5317460317460311,0.253968253968253,La Boulangerie
122,0.059322033898305,0.076271186440677,0.677966101694915,0.186440677966101,Xiang Hot Pot
123,0.12781954887218,0.09774436090225501,0.586466165413533,0.18796992481203,Urubamba
124,0.075,0.016666666666666,0.6583333333333331,0.25,Rimtin Mediterranean Restaurant
125,0.017543859649122,0.0,0.8070175438596491,0.175438596491228,Gossip House
126,0.025423728813559,0.016949152542372,0.6101694915254231,0.34745762711864403,Cipollina Gourmet
127,0.08,0.056,0.704,0.16,Pelicana Chicken
128,0.025423728813559,0.042372881355932,0.627118644067796,0.305084745762711,The Panorama of My Silence-Heart
129,0.057851239669421003,0.016528925619834,0.611570247933884,0.314049586776859,Tavern 157
130,0.042372881355932,0.016949152542372,0.669491525423728,0.27118644067796605,Bellwether
131,0.04,0.128,0.584,0.248,Banter Irish Bar and Kitchen
132,0.040983606557377004,0.040983606557377004,0.778688524590163,0.139344262295081,Szechuan Mountain House
133,0.10852713178294501,0.069767441860465,0.6666666666666661,0.155038759689922,Ayada Thai
134,0.056,0.024,0.68,0.24,Spring Shabu-Shabu
135,0.041322314049586,0.099173553719008,0.44628099173553704,0.41322314049586706,Don Tequila Urban Cantina
136,0.05,0.041666666666666005,0.5750000000000001,0.33333333333333304,Zum Stammtisch
137,0.056,0.152,0.52,0.272,Pio Pio 2
138,0.114754098360655,0.065573770491803,0.631147540983606,0.18852459016393402,Cheburechnaya
139,0.032967032967032,0.087912087912087,0.538461538461538,0.34065934065934,Bajeko Sekuwa
140,0.057851239669421003,0.008264462809917,0.7024793388429751,0.231404958677685,The Sweet Sap
141,0.042735042735042,0.025641025641025002,0.606837606837606,0.324786324786324,Aroma Brazil Restaurant
142,0.09016393442622901,0.032786885245901,0.704918032786885,0.17213114754098302,Yummy Tummy Asian Bistro
143,0.015748031496062,0.023622047244094002,0.637795275590551,0.32283464566929104,Casa Del Chef
144,0.094017094017094,0.059829059829059006,0.769230769230769,0.07692307692307601,Little Pepper
145,0.048387096774193006,0.06451612903225801,0.7177419354838711,0.16935483870967702,Pye Boat Noodle
146,0.024193548387096003,0.048387096774193006,0.725806451612903,0.20161290322580602,Psari Seafood Restaurant & Bar
147,0.040322580645161005,0.032258064516129004,0.5887096774193541,0.33870967741935404,La Vecina
148,0.07826086956521701,0.043478260869565,0.6173913043478261,0.260869565217391,"Sal, Kris, & Charlie's Deli"
149,0.12711864406779602,0.076271186440677,0.635593220338983,0.161016949152542,Grand Sichuan NY II
150,0.042372881355932,0.042372881355932,0.661016949152542,0.25423728813559304,Kurry Qulture
151,0.047244094488188004,0.05511811023622001,0.629921259842519,0.26771653543307,Matiz Latin Cuisine
152,0.023255813953488,0.03875968992248,0.821705426356589,0.11627906976744101,Umi Sushi
153,0.016129032258064002,0.032258064516129004,0.7661290322580641,0.18548387096774102,Milkflower
154,0.040322580645161005,0.08064516129032201,0.6451612903225801,0.23387096774193503,Arepas Cafe
155,0.063492063492063,0.031746031746031,0.7539682539682541,0.15079365079365,Taqueria Kermes
156,0.07692307692307601,0.008547008547008001,0.8632478632478631,0.051282051282051,Lobster Roll Factory
157,0.079365079365079,0.055555555555555004,0.587301587301587,0.277777777777777,Jägerhaus German Restaurants and Biergarten
158,0.08130081300813001,0.024390243902439,0.8048780487804871,0.08943089430894301,Pho Che
159,0.049586776859504,0.074380165289256,0.5702479338842971,0.305785123966942,Ninos Aq
160,0.087301587301587,0.09523809523809501,0.7142857142857141,0.103174603174603,Peking BBQ
161,0.062015503875968006,0.062015503875968006,0.7054263565891471,0.170542635658914,Sami's Kabab House
162,0.07200000000000001,0.14400000000000002,0.504,0.28,The Classic Diner
163,0.033057851239669,0.041322314049586,0.644628099173553,0.28099173553719003,Nur Thai
164,0.06837606837606801,0.06837606837606801,0.7179487179487181,0.145299145299145,Tuk Tuk
165,0.084033613445378,0.008403361344537001,0.672268907563025,0.23529411764705802,Souk El Shater
166,0.096,0.008,0.808,0.088,Beijing Dumpling House
167,0.040650406504065005,0.016260162601626,0.642276422764227,0.30081300813008105,Oliver's Astoria
168,0.065573770491803,0.10655737704918,0.590163934426229,0.237704918032786,Loukoumi Taverna
169,0.06451612903225801,0.040322580645161005,0.693548387096774,0.20161290322580602,BlackSea Fish & Grill
170,0.050847457627118,0.025423728813559,0.7966101694915251,0.12711864406779602,Jaew Hon New York
171,0.032786885245901,0.040983606557377004,0.5819672131147541,0.34426229508196704,The Freakin Rican Restaurant
172,0.046875,0.0625,0.546875,0.34375000000000006,Aperitif Bistro Bayside
173,0.028846153846153,0.08653846153846101,0.509615384615384,0.375,THE HUNTRESS whiskey n' wings
174,0.041322314049586,0.066115702479338,0.6942148760330571,0.198347107438016,The Sparrow Tavern
175,0.024193548387096003,0.008064516129032001,0.7822580645161291,0.18548387096774102,Akino
176,0.060606060606060004,0.053030303030303004,0.56060606060606,0.325757575757575,Pop's Diner
177,0.074468085106382,0.117021276595744,0.48936170212765906,0.319148936170212,Pop's Cocina Bar
178,0.040650406504065005,0.024390243902439,0.593495934959349,0.34146341463414603,Salvatoria Kitchen & Bar
179,0.040322580645161005,0.06451612903225801,0.6532258064516121,0.24193548387096703,Ltauha Restaurant
180,0.130081300813008,0.024390243902439,0.7723577235772351,0.073170731707317,White Bear
181,0.08,0.04,0.632,0.248,New World Mall Food Court
182,0.10743801652892501,0.13223140495867702,0.611570247933884,0.148760330578512,Trinciti Roti Shop & Restaurant
183,0.076271186440677,0.050847457627118,0.533898305084745,0.338983050847457,Quaint
184,0.096,0.048,0.64,0.216,Norma's Corner Shoppe
185,0.046875,0.0390625,0.7187500000000001,0.1953125,Vesta
186,0.073170731707317,0.056910569105691006,0.6016260162601621,0.268292682926829,The Local Press
187,0.09677419354838701,0.032258064516129004,0.7983870967741931,0.07258064516129001,HinoMaru Ramen
188,0.032520325203252,0.016260162601626,0.626016260162601,0.32520325203252004,Piccola Venezia Restaurant
189,0.06779661016949101,0.008474576271186,0.73728813559322,0.186440677966101,Halalbee's
190,0.024,0.064,0.552,0.36,Jackson's Eatery | Bar
191,0.041666666666666005,0.025,0.716666666666666,0.216666666666666,Bliss 46 Bistro
192,0.08661417322834601,0.204724409448818,0.47244094488188904,0.23622047244094402,Tu Casa Restaurant
193,0.06837606837606801,0.094017094017094,0.6153846153846151,0.22222222222222202,Liuyishou Hotpot
194,0.070866141732283,0.06299212598425101,0.677165354330708,0.18897637795275501,Sotto Le Stelle
195,0.041322314049586,0.041322314049586,0.6859504132231401,0.231404958677685,Vite Vinosteria
196,0.025641025641025002,0.008547008547008001,0.6666666666666661,0.299145299145299,Tony's Beechhurst Deli
197,0.062015503875968006,0.077519379844961,0.48062015503875904,0.37984496124031003,The Ozone Diner
198,0.047244094488188004,0.039370078740157,0.606299212598425,0.307086614173228,Il Poeta
199,0.046511627906976,0.023255813953488,0.6744186046511621,0.255813953488372,Cemitas El Tigre
200,0.016260162601626,0.040650406504065005,0.674796747967479,0.268292682926829,Manor Oktoberfest
201,0.074380165289256,0.033057851239669,0.71900826446281,0.17355371900826402,Spice Kitchen
202,0.077519379844961,0.085271317829457,0.682170542635658,0.155038759689922,Off The Hook Raw Bar & Grill
203,0.10655737704918,0.08196721311475401,0.704918032786885,0.10655737704918,Hunan Kitchen of Grand Sichuan
204,0.032786885245901,0.139344262295081,0.5081967213114751,0.319672131147541,Mr. Dre's Kitchen Bar
205,0.048387096774193006,0.05645161290322501,0.8145161290322581,0.08064516129032201,Debasaki
206,0.032786885245901,0.040983606557377004,0.672131147540983,0.25409836065573704,O Lavrador
207,0.07692307692307601,0.059829059829059006,0.5641025641025641,0.299145299145299,MACA Peruvian Restaurant
208,0.069565217391304,0.060869565217391,0.513043478260869,0.356521739130434,Heat Caribbean Kitchen & Lounge
209,0.078125,0.046875,0.7890625,0.0859375,You Garden Xiao Long Bao
210,0.082568807339449,0.018348623853211,0.7155963302752291,0.18348623853211002,Matsuri
211,0.024590163934426004,0.032786885245901,0.5,0.442622950819672,Bocaito Cafe & Wine Bar
212,0.033057851239669,0.033057851239669,0.760330578512396,0.17355371900826402,Cafe Triskell
213,0.08870967741935401,0.016129032258064002,0.790322580645161,0.10483870967741901,Il Bambino
214,0.09090909090909001,0.030303030303030002,0.797979797979798,0.08080808080808001,Momo Crave
215,0.11904761904761901,0.015873015873015,0.746031746031746,0.11904761904761901,Violet's Vietnamese Shoppe
216,0.050420168067226004,0.084033613445378,0.663865546218487,0.201680672268907,Taqueria Coatzingo
217,0.10852713178294501,0.046511627906976,0.6976744186046511,0.147286821705426,Avli The Little Greek Tavern
218,0.024590163934426004,0.040983606557377004,0.6229508196721311,0.31147540983606503,DiWine
219,0.06766917293233,0.105263157894736,0.5714285714285711,0.25563909774436,Tournesol
220,0.056910569105691006,0.048780487804878,0.8048780487804871,0.08943089430894301,Pho Best
221,0.036036036036036,0.018018018018018,0.693693693693693,0.252252252252252,Laly's Restaurant
222,0.10309278350515401,0.11340206185567,0.43298969072164906,0.350515463917525,Patrizia's Of Maspeth
223,0.06299212598425101,0.06299212598425101,0.7637795275590551,0.11023622047244001,Nippon Cha
224,0.024590163934426004,0.024590163934426004,0.71311475409836,0.237704918032786,Koroni Souvlaki and Grill
225,0.056910569105691006,0.024390243902439,0.6178861788617881,0.30081300813008105,The Pomeroy
226,0.009090909090909,0.027272727272727,0.618181818181818,0.345454545454545,Ssam Tong
227,0.135338345864661,0.120300751879699,0.56390977443609,0.180451127819548,Slide Bar-B-Q
228,0.035714285714285005,0.057142857142857,0.635714285714285,0.271428571428571,Farine Baking Company
229,0.033333333333333,0.075,0.683333333333333,0.208333333333333,Lali Guras
230,0.025423728813559,0.033898305084745,0.6949152542372881,0.245762711864406,Leo's Latticini Mama's
231,0.056910569105691006,0.032520325203252,0.6341463414634141,0.276422764227642,BKNY Thai Restaurant
232,0.082706766917293,0.045112781954887,0.7819548872180451,0.090225563909774,Shanghai Zhen Gong Fu 上海真功夫
233,0.12396694214876001,0.082644628099173,0.5454545454545451,0.24793388429752003,Jackson Hole
234,0.08870967741935401,0.008064516129032001,0.8387096774193541,0.06451612903225801,勝面 Sheng Ramen
235,0.09016393442622901,0.04918032786885201,0.778688524590163,0.08196721311475401,Phayul
236,0.064,0.032,0.784,0.12,Rocco's Italian Sausages & Philly Cheese Steaks
237,0.047244094488188004,0.102362204724409,0.5511811023622041,0.29921259842519604,La Vigna Restaurant
238,0.053435114503816,0.06106870229007601,0.541984732824427,0.343511450381679,Barosa
239,0.048,0.096,0.4,0.456,Tru Astoria
240,0.103448275862068,0.043103448275862,0.732758620689655,0.12068965517241301,The Basac
241,0.099173553719008,0.10743801652892501,0.5702479338842971,0.22314049586776802,Pio Pio 1
242,0.096,0.088,0.5760000000000001,0.24,Pelicana Chicken
243,0.08064516129032201,0.016129032258064002,0.6854838709677411,0.21774193548387002,Chimama's Noodle House
244,0.06451612903225801,0.016129032258064002,0.75,0.16935483870967702,Murasaki
245,0.065040650406504,0.065040650406504,0.6991869918699181,0.17073170731707302,Taqueria Santa Fe
246,0.050847457627118,0.016949152542372,0.7288135593220331,0.203389830508474,Zio Luigi
247,0.100840336134453,0.07563025210084001,0.5882352941176471,0.23529411764705802,Villa Brazil Cafe Grill
248,0.032520325203252,0.065040650406504,0.642276422764227,0.260162601626016,Acquista Trattoria
249,0.07258064516129001,0.032258064516129004,0.669354838709677,0.22580645161290303,La Flor
250,0.033057851239669,0.057851239669421003,0.504132231404958,0.40495867768595,Amylos Taverna
251,0.034188034188034004,0.059829059829059006,0.504273504273504,0.401709401709401,Queen's Room
252,0.09090909090909001,0.034090909090909005,0.71590909090909,0.159090909090909,Sky Cafe
253,0.017391304347826,0.11304347826086901,0.57391304347826,0.29565217391304305,Taste of Samarkand
254,0.12631578947368402,0.042105263157894,0.7157894736842101,0.11578947368421001,Jamaican Flavors
255,0.09433962264150901,0.066037735849056,0.584905660377358,0.254716981132075,Jacup's
256,0.069565217391304,0.060869565217391,0.7304347826086951,0.139130434782608,Alley 41
257,0.07142857142857101,0.053571428571428006,0.6875,0.1875,Copacabana
258,0.024,0.07200000000000001,0.72,0.184,Christo's Steak House
259,0.030303030303030002,0.07575757575757501,0.6136363636363631,0.28030303030303,Il Falco
260,0.15972222222222202,0.11805555555555501,0.548611111111111,0.17361111111111102,Dani's House of Pizza
261,0.040983606557377004,0.08196721311475401,0.6803278688524591,0.19672131147540903,La Cabana Argentinan Steakhouse
262,0.040404040404040005,0.0,0.777777777777777,0.18181818181818102,Abuqir Seafood
263,0.066666666666666,0.033333333333333,0.775,0.125,Ok Lah
264,0.08943089430894301,0.073170731707317,0.642276422764227,0.195121951219512,Don Peppe
265,0.07377049180327801,0.131147540983606,0.5,0.295081967213114,Asian Jewels Seafood Restaurant
266,0.058333333333333,0.025,0.725,0.191666666666666,Mar's
267,0.057377049180327,0.040983606557377004,0.7622950819672131,0.139344262295081,Little Egypt
268,0.12096774193548301,0.08064516129032201,0.6854838709677411,0.11290322580645101,Thái Son
269,0.06315789473684201,0.073684210526315,0.6421052631578941,0.22105263157894703,Bamboo Ya
270,0.11111111111111101,0.063492063492063,0.6666666666666661,0.158730158730158,BCD Tofu House
271,0.027522935779816002,0.06422018348623801,0.5688073394495411,0.339449541284403,A-Churrasqueira Restaurant & Bar
272,0.077519379844961,0.10077519379844901,0.5968992248062011,0.22480620155038702,Bubba's Bistro
273,0.037593984962406006,0.12781954887218,0.270676691729323,0.56390977443609,Blend Astoria
274,0.09174311926605501,0.0,0.7064220183486231,0.20183486238532103,Suzuki Shokudo
275,0.075,0.075,0.616666666666666,0.23333333333333303,Paloma's
276,0.065573770491803,0.024590163934426004,0.5491803278688521,0.36065573770491804,Family Corner Restaurant
277,0.076335877862595,0.06870229007633501,0.564885496183206,0.290076335877862,Dee's
278,0.11111111111111101,0.039682539682539,0.682539682539682,0.16666666666666602,Unidentified Flying Chickens
279,0.024793388429752,0.26446280991735505,0.20661157024793303,0.504132231404958,Penthouse 808
280,0.08064516129032201,0.016129032258064002,0.693548387096774,0.20967741935483802,Comfortland
281,0.08196721311475401,0.024590163934426004,0.672131147540983,0.221311475409836,Ihawan
282,0.042016806722689,0.016806722689075,0.8403361344537811,0.100840336134453,Hug Esan
283,0.016806722689075,0.033613445378151,0.621848739495798,0.327731092436974,Prince Tea House
284,0.025423728813559,0.050847457627118,0.6186440677966101,0.305084745762711,Ovelia
285,0.09677419354838701,0.09677419354838701,0.508064516129032,0.298387096774193,O2 Korean BBQ
286,0.11023622047244001,0.039370078740157,0.7637795275590551,0.08661417322834601,Jollibee
287,0.05426356589147201,0.19379844961240303,0.472868217054263,0.27906976744186,East Ocean Palace
288,0.1015625,0.046875,0.7109375,0.140625,Kissfish
289,0.08661417322834601,0.078740157480314,0.566929133858267,0.26771653543307,Bareburger
290,0.075,0.033333333333333,0.725,0.16666666666666602,Adda
291,0.12711864406779602,0.194915254237288,0.406779661016949,0.27118644067796605,Vibes
292,0.082644628099173,0.057851239669421003,0.619834710743801,0.239669421487603,Chihuahua
293,0.038461538461538006,0.007692307692307001,0.6923076923076921,0.261538461538461,Louie's Pizza
294,0.08333333333333301,0.09166666666666601,0.616666666666666,0.208333333333333,Bahari Estiatorio
295,0.076271186440677,0.110169491525423,0.644067796610169,0.169491525423728,Himalayan Yak
296,0.07200000000000001,0.136,0.52,0.272,Picnic Garden
297,0.008264462809917,0.024793388429752,0.793388429752066,0.17355371900826402,Omani
298,0.075,0.033333333333333,0.725,0.16666666666666602,Tang Restaurant
299,0.100840336134453,0.008403361344537001,0.781512605042016,0.10924369747899101,Tamashii Ramen
300,0.072727272727272,0.172727272727272,0.581818181818181,0.172727272727272,Daxi Sichuan 大喜
301,0.078740157480314,0.06299212598425101,0.7165354330708661,0.141732283464566,PappaRich Flushing
302,0.058823529411764004,0.042016806722689,0.6890756302521001,0.21008403361344502,Las Catrinas Mexican Bar & Eatery
303,0.058333333333333,0.05,0.433333333333333,0.45833333333333304,The Brewery Bar & Kitchen
304,0.11450381679389302,0.12213740458015201,0.48854961832061006,0.274809160305343,The Buffet
305,0.08064516129032201,0.024193548387096003,0.7822580645161291,0.11290322580645101,Sushi Time
306,0.049019607843137004,0.019607843137254003,0.637254901960784,0.29411764705882304,Hot Space Grilled Fish
307,0.066115702479338,0.066115702479338,0.71900826446281,0.148760330578512,The Haab
308,0.032520325203252,0.08130081300813001,0.45528455284552805,0.43089430894308905,Blend on the Water
309,0.073170731707317,0.08943089430894301,0.577235772357723,0.260162601626016,Pho Grand Bayside
310,0.038167938931297,0.038167938931297,0.648854961832061,0.274809160305343,White Noise Coffee Co
311,0.09677419354838701,0.07258064516129001,0.7661290322580641,0.06451612903225801,Imperial Palace
312,0.07563025210084001,0.11764705882352901,0.630252100840336,0.17647058823529402,Kabul Kabab House
313,0.065573770491803,0.065573770491803,0.672131147540983,0.19672131147540903,Khao Kang
314,0.059829059829059006,0.025641025641025002,0.8119658119658121,0.102564102564102,Dunhuang Lanzhou Beef Noodle
315,0.056910569105691006,0.032520325203252,0.6016260162601621,0.30894308943089405,Hot N Juicy Crawfish
316,0.058823529411764004,0.050420168067226004,0.8319327731092431,0.058823529411764004,Dek Sen
317,0.067961165048543,0.106796116504854,0.592233009708737,0.23300970873786403,Spanglish NYC
318,0.106870229007633,0.076335877862595,0.709923664122137,0.106870229007633,Shun Wang Restaurant
319,0.08571428571428501,0.114285714285714,0.6476190476190471,0.152380952380952,El Campeon De Los Pollos
320,0.047619047619047006,0.087301587301587,0.46825396825396803,0.396825396825396,THE BARONESS burgers + beers
321,0.074380165289256,0.18181818181818102,0.512396694214876,0.231404958677685,iCook Buffet
322,0.12,0.048,0.68,0.152,Margherita Pizza
323,0.09016393442622901,0.040983606557377004,0.745901639344262,0.122950819672131,SGD Tofu House
324,0.08064516129032201,0.05645161290322501,0.7419354838709671,0.12096774193548301,Homemade Taqueria
325,0.12745098039215602,0.13725490196078402,0.578431372549019,0.15686274509803902,88 Canteen
326,0.016666666666666,0.066666666666666,0.7583333333333331,0.15833333333333302,Chicken Lovers
327,0.048076923076923,0.057692307692307,0.538461538461538,0.35576923076923,Lunera Modern Mexican
328,0.116666666666666,0.05,0.6916666666666661,0.14166666666666602,Parksanbal Babs
329,0.15573770491803202,0.221311475409836,0.34426229508196704,0.278688524590163,Georgia Diner
330,0.078740157480314,0.078740157480314,0.629921259842519,0.21259842519685002,Takumen
331,0.008130081300813,0.073170731707317,0.47154471544715404,0.44715447154471505,Mombar
332,0.12195121951219501,0.073170731707317,0.674796747967479,0.130081300813008,OK Ryan Restaurant
333,0.074380165289256,0.057851239669421003,0.6942148760330571,0.17355371900826402,Boon Chu Thai Place
334,0.12711864406779602,0.06779661016949101,0.567796610169491,0.23728813559322,House of Thai
335,0.016949152542372,0.025423728813559,0.644067796610169,0.313559322033898,Uncle Peter's
336,0.11450381679389302,0.038167938931297,0.763358778625954,0.083969465648854,Malay Restaurant
337,0.040650406504065005,0.10569105691056901,0.5121951219512191,0.34146341463414603,Astoria Craft
338,0.056910569105691006,0.065040650406504,0.6341463414634141,0.24390243902439002,I Love Paraguay
339,0.048076923076923,0.009615384615384,0.711538461538461,0.23076923076923,Sushi Daizen
340,0.040322580645161005,0.10483870967741901,0.427419354838709,0.427419354838709,Alberto Restaurant
341,0.032786885245901,0.040983606557377004,0.631147540983606,0.295081967213114,Max Bratwurst und Bier
342,0.084745762711864,0.09322033898305,0.627118644067796,0.194915254237288,Taqueria Santa Fe
343,0.03875968992248,0.007751937984496001,0.7054263565891471,0.24806201550387502,Jane's Eatery
344,0.075,0.041666666666666005,0.65,0.23333333333333303,Katsuno
345,0.033057851239669,0.099173553719008,0.603305785123966,0.26446280991735505,Truva Cafe and Grill
346,0.08064516129032201,0.07258064516129001,0.5806451612903221,0.266129032258064,Nanking
347,0.052173913043478,0.11304347826086901,0.32173913043478203,0.513043478260869,Nowadays
348,0.07692307692307601,0.12307692307692301,0.6230769230769231,0.17692307692307602,Nick’s Pizza
349,0.040650406504065005,0.10569105691056901,0.593495934959349,0.260162601626016,5 Burro Cafe
350,0.131782945736434,0.05426356589147201,0.6666666666666661,0.147286821705426,Xian Famous Foods
351,0.009345794392523001,0.018691588785046002,0.5327102803738311,0.439252336448598,The Factory Bar & Restaurant
352,0.16935483870967702,0.09677419354838701,0.629032258064516,0.10483870967741901,Fu Run Dong Bei
353,0.033898305084745,0.033898305084745,0.7627118644067791,0.169491525423728,Sabry's
354,0.038461538461538006,0.09230769230769201,0.438461538461538,0.43076923076923,MoCA Asian Bistro
355,0.08849557522123801,0.07079646017699101,0.539823008849557,0.300884955752212,Krolewskie Jadlo
356,0.034188034188034004,0.025641025641025002,0.7350427350427351,0.205128205128205,Taste of Heaven
357,0.08196721311475401,0.10655737704918,0.5,0.31147540983606503,99 Favor Taste
358,0.027272727272727,0.1,0.27272727272727204,0.6000000000000001,Victory Garden Cafe
359,0.036363636363636,0.045454545454545005,0.7363636363636361,0.18181818181818102,Plaka
360,0.087719298245614,0.122807017543859,0.5263157894736841,0.26315789473684204,The King Of Taco
361,0.066666666666666,0.108333333333333,0.533333333333333,0.291666666666666,Benateri's Italian Gourmet Deli
362,0.09677419354838701,0.08064516129032201,0.564516129032258,0.25806451612903203,Woodbines
363,0.09448818897637701,0.102362204724409,0.6220472440944881,0.181102362204724,Utopia Bagels
364,0.06299212598425101,0.070866141732283,0.6456692913385821,0.22047244094488103,Madera Cuban Grill & Steakhouse
365,0.03076923076923,0.069230769230769,0.6846153846153841,0.215384615384615,Palermo Restaurant & Bar
366,0.063492063492063,0.07142857142857101,0.698412698412698,0.16666666666666602,Turkish Grill
367,0.040983606557377004,0.024590163934426004,0.7213114754098361,0.21311475409836,Forno Pizzeria E Trattoria
368,0.017094017094017002,0.008547008547008001,0.7008547008547,0.27350427350427303,Otis
369,0.061403508771929,0.087719298245614,0.631578947368421,0.21929824561403502,Doma
370,0.015503875968992002,0.0,0.883720930232558,0.10077519379844901,Shuya Cafe de Ramen
371,0.024590163934426004,0.08196721311475401,0.557377049180327,0.336065573770491,Joe's Restaurant
372,0.03875968992248,0.10077519379844901,0.5658914728682171,0.294573643410852,Copper Kettle Bar & Restaurant
373,0.11214953271028001,0.028037383177570003,0.719626168224299,0.14018691588785,T-Swirl Crêpe
374,0.069230769230769,0.023076923076923002,0.792307692307692,0.115384615384615,De Mole
375,0.020408163265306003,0.040816326530612006,0.36734693877551,0.5714285714285711,Blue Cups
376,0.11111111111111101,0.103174603174603,0.611111111111111,0.174603174603174,Kabayan
377,0.078740157480314,0.039370078740157,0.7637795275590551,0.11811023622047201,Kimganae
378,0.059322033898305,0.033898305084745,0.771186440677966,0.13559322033898302,Jujube Tree
379,0.093023255813953,0.093023255813953,0.5426356589147281,0.27131782945736405,Numero 28 Pizzeria
380,0.254716981132075,0.056603773584905,0.584905660377358,0.10377358490566001,Totto Ramen - Flushing
381,0.09243697478991501,0.07563025210084001,0.546218487394957,0.28571428571428503,Beija Flor
382,0.06779661016949101,0.059322033898305,0.661016949152542,0.211864406779661,Veggie Castle II
383,0.057851239669421003,0.041322314049586,0.661157024793388,0.239669421487603,Little Sheep Mongolian Hot Pot
384,0.0625,0.048611111111111,0.645833333333333,0.24305555555555503,Agora Taverna
385,0.045454545454545005,0.06818181818181801,0.6022727272727271,0.284090909090909,Manor Oktoberfest
386,0.060869565217391,0.052173913043478,0.478260869565217,0.408695652173913,The Ditty
387,0.11570247933884201,0.033057851239669,0.8264462809917351,0.024793388429752,Sifu Chio
388,0.024390243902439,0.040650406504065005,0.609756097560975,0.32520325203252004,Keuka Kafe a Wine Bar
389,0.046296296296296,0.037037037037037,0.657407407407407,0.259259259259259,Aroma Indian Cuisine
390,0.153153153153153,0.081081081081081,0.648648648648648,0.117117117117117,Hk Cafe
391,0.065040650406504,0.097560975609756,0.43089430894308905,0.40650406504065,Father Knows Best
392,0.068965517241379,0.008620689655172,0.8103448275862061,0.112068965517241,Dynamite Seafood
393,0.051546391752577005,0.072164948453608,0.319587628865979,0.5567010309278351,Neir's Tavern
394,0.065040650406504,0.056910569105691006,0.674796747967479,0.203252032520325,Manetta's Ristorante
395,0.07377049180327801,0.024590163934426004,0.6147540983606551,0.286885245901639,Java Day Cafe
396,0.12307692307692301,0.12307692307692301,0.546153846153846,0.207692307692307,Samudra Vegetarian Restaurant & Chaat House
397,0.06106870229007601,0.198473282442748,0.389312977099236,0.351145038167938,The Cheesecake Factory
398,0.09836065573770401,0.032786885245901,0.6229508196721311,0.245901639344262,Tacuba
399,0.094017094017094,0.008547008547008001,0.6837606837606831,0.21367521367521303,Brothers Taverna
400,0.065573770491803,0.122950819672131,0.565573770491803,0.245901639344262,Arepas Grill
401,0.040983606557377004,0.04918032786885201,0.672131147540983,0.237704918032786,Green Zenphony
402,0.074380165289256,0.099173553719008,0.628099173553719,0.198347107438016,La Boina Roja Steak House
403,0.100840336134453,0.058823529411764004,0.504201680672268,0.336134453781512,Shogun Hibachi
404,0.15,0.066666666666666,0.591666666666666,0.191666666666666,UThai
405,0.06451612903225801,0.06451612903225801,0.6774193548387091,0.19354838709677402,Chivito De Oro
406,0.082644628099173,0.066115702479338,0.7107438016528921,0.14049586776859502,Cyclo
407,0.125,0.08333333333333301,0.6333333333333331,0.15833333333333302,Shaking Crab
408,0.126984126984126,0.015873015873015,0.777777777777777,0.079365079365079,Nan Xiang Xiao Long Bao
409,0.031496062992125005,0.031496062992125005,0.661417322834645,0.27559055118110204,Yaar Indian Restaurant
410,0.024590163934426004,0.024590163934426004,0.6885245901639341,0.262295081967213,Fino Wine & Tapas
411,0.037037037037037,0.064814814814814,0.37962962962962904,0.518518518518518,Connolly's Corner
412,0.08064516129032201,0.06451612903225801,0.6451612903225801,0.20967741935483802,Halal Munchies
413,0.025210084033613002,0.09243697478991501,0.41176470588235203,0.47058823529411703,Mad Donkey Beer Bar & Grill
414,0.05645161290322501,0.12903225806451601,0.459677419354838,0.35483870967741904,Corona Diner
415,0.057851239669421003,0.13223140495867702,0.5537190082644621,0.256198347107438,El Gauchito
416,0.038461538461538006,0.09230769230769201,0.5,0.36923076923076903,Pampas Argentinas
417,0.05,0.025,0.7583333333333331,0.16666666666666602,La Esquina Criolla
418,0.07563025210084001,0.09243697478991501,0.47058823529411703,0.36134453781512604,Oro Restaurant & Lounge
419,0.13,0.03,0.5700000000000001,0.27,West Bar & Lounge
420,0.059322033898305,0.13559322033898302,0.491525423728813,0.313559322033898,Pollos A La Brasa Mario
421,0.128,0.096,0.552,0.224,Rosa's Pizza
422,0.11382113821138201,0.10569105691056901,0.585365853658536,0.195121951219512,Mister Hotpot 鍋大爺
423,0.134453781512605,0.07563025210084001,0.6134453781512601,0.17647058823529402,Friendship Foods BBQ
424,0.033613445378151,0.025210084033613002,0.6974789915966381,0.24369747899159602,Taverna Kyclades - Bayside
425,0.042016806722689,0.016806722689075,0.7226890756302521,0.21848739495798303,Sodam
426,0.060344827586206004,0.051724137931034,0.706896551724137,0.18103448275862002,Jardin De China
427,0.114754098360655,0.016393442622950002,0.598360655737704,0.27049180327868805,Zenon Taverna
428,0.165289256198347,0.049586776859504,0.6859504132231401,0.099173553719008,Yu Garden Dumpling House
429,0.08661417322834601,0.141732283464566,0.58267716535433,0.18897637795275501,Mezquite Restaurant
430,0.07563025210084001,0.126050420168067,0.42857142857142805,0.36974789915966305,Sunswick
431,0.099173553719008,0.049586776859504,0.7107438016528921,0.14049586776859502,Rolly Kimbab
432,0.09677419354838701,0.12096774193548301,0.491935483870967,0.29032258064516103,Burgerology
433,0.069767441860465,0.031007751937984003,0.55813953488372,0.341085271317829,Trattoria 35
434,0.06779661016949101,0.042372881355932,0.677966101694915,0.211864406779661,La Nueva Bakery
435,0.10569105691056901,0.040650406504065005,0.7154471544715441,0.138211382113821,Yupdduk Flushing
436,0.064,0.112,0.56,0.264,Stamatis Restaurant
437,0.042016806722689,0.042016806722689,0.7310924369747891,0.18487394957983103,Gregory's 26 Corner Taverna
438,0.084745762711864,0.09322033898305,0.601694915254237,0.220338983050847,El Pollo Inka Peru
